
Final Generation
[[0.0, -1.258265713370536e-12, -2.7480843702773785e-13, 0.0, -1.701589163257375e-10, -1.8479632455129946e-15, 9.853208417709285e-16, 2.5891253674562798e-05, -1.983987073288369e-06, -1.7828666713024794e-08, 9.744709606517865e-10], [0.0, -1.203938136693059e-12, -2.732985818441266e-13, 0.0, -1.8467989978283838e-10, -1.906751041897751e-15, 7.714664082392671e-16, 2.573148419193512e-05, -2.033478939569548e-06, -1.6608755836957015e-08, 9.744709606517865e-10], [0.0, -1.2329323973745017e-12, -2.656463705603244e-13, 0.0, -1.5918980670514317e-10, -1.909905934763706e-15, 9.507067151336173e-16, 2.57987394408823e-05, -1.8905541836423069e-06, -1.6608755836957015e-08, 9.153154994938674e-10], [0.0, -1.258265713370536e-12, -2.7480843702773785e-13, 0.0, -1.6379782320504555e-10, -2.036854624760032e-15, 8.890345515639047e-16, 2.573148419193512e-05, -2.033478939569548e-06, -1.6608755836957015e-08, 9.744709606517865e-10], [0.0, -1.258265713370536e-12, -2.7480843702773785e-13, 0.0, -1.8240277775664646e-10, -1.909905934763706e-15, 9.063629696676482e-16, 2.242440680782827e-05, -2.000609069795478e-06, -1.41714661117539e-08, 9.394578867645983e-10], [0.0, -1.142391434104776e-12, -2.698088083049499e-13, 0.0, -1.8240277775664646e-10, -1.909905934763706e-15, 9.925232595067342e-16, 2.305653623604235e-05, -1.9646857803731905e-06, -1.4208874546144877e-08, 9.062084848996221e-10], [0.0, -1.1788925682756433e-12, -2.7429109451799945e-13, 0.0, -1.6379782320504555e-10, -2.036854624760032e-15, 8.952326715928952e-16, 2.7899147259820825e-05, -1.983987073288369e-06, -1.7828666713024794e-08, 9.744709606517865e-10], [0.0, -1.2778618782183296e-12, -2.656463705603244e-13, 0.0, -1.7560379004401666e-10, -2.0354871495176123e-15, 8.596041694832288e-16, 2.2516896740594584e-05, -2.000609069795478e-06, -1.555151400655099e-08, 9.406529804136185e-10], [0.0, -1.1614140717618409e-12, -2.489964070690674e-13, 0.0, -1.8112277130807822e-10, -1.9511019694152014e-15, 8.842906693438638e-16, 2.421458567317e-05, -2.065153846799014e-06, -1.504594508262911e-08, 9.14252797378007e-10], [0.0, -1.2607278199314522e-12, -2.7480843702773785e-13, 0.0, -1.5285014111462711e-10, -1.8479632455129946e-15, 9.806622084051605e-16, 2.6843394519015733e-05, -2.0740603045121345e-06, -1.7828666713024794e-08, 9.423366453164221e-10]]


All min errors
[705248860167.7498, 349792494491.3109, 260091360304.99927, 260091360304.99927, 260091360304.99927, 257590264922.9906, 257590264922.9906, 257590264922.9906, 257590264922.9906, 257590264922.9906, 257590264922.9906, 257590264922.9906, 257590264922.9906, 257590264922.9906, 243382764490.97635, 243382764490.97635, 243382764490.97635, 243382764490.97635, 243382764490.97635, 243382764490.97635, 243382764490.97635, 219920198807.55844, 219920198807.55844, 219920198807.55844, 219920198807.55844, 219920198807.55844, 219920198807.55844, 219920198807.55844, 219920198807.55844, 219920198807.55844, 219920198807.55844, 219920198807.55844, 219920198807.55844, 219920198807.55844, 219920198807.55844, 219920198807.55844, 219920198807.55844, 219920198807.55844, 219920198807.55844, 219920198807.55844]


All Best Vectors
[[0.0, -1.5376636490303983e-12, -2.4703049615602605e-13, 4.405129207537336e-11, 0.0, -1.8874369389266975e-15, 9.119195729940248e-16, 2.3200290929807183e-05, -2.1894199061759505e-06, -1.5029077805472577e-08, 1.0451174635586121e-09], [0.0, -1.3635667004324962e-12, -2.669024078185043e-13, 4.838854916003117e-11, -1.7418797492855054e-10, -1.875968582902274e-15, 8.890345515639047e-16, 2.359988847337724e-05, -2.033478939569548e-06, -1.6237558849527947e-08, 9.744709606517865e-10], [0.0, -1.258265713370536e-12, -2.7480843702773785e-13, 0.0, -1.8240277775664646e-10, -1.909905934763706e-15, 9.063629696676482e-16, 2.242440680782827e-05, -2.000609069795478e-06, -1.41714661117539e-08, 9.394578867645983e-10], [0.0, -1.258265713370536e-12, -2.7480843702773785e-13, 0.0, -1.8240277775664646e-10, -1.909905934763706e-15, 9.063629696676482e-16, 2.242440680782827e-05, -2.000609069795478e-06, -1.41714661117539e-08, 9.394578867645983e-10], [0.0, -1.258265713370536e-12, -2.7480843702773785e-13, 0.0, -1.8240277775664646e-10, -1.909905934763706e-15, 9.063629696676482e-16, 2.242440680782827e-05, -2.000609069795478e-06, -1.41714661117539e-08, 9.394578867645983e-10], [0.0, -1.258265713370536e-12, -2.7480843702773785e-13, 0.0, -1.6379782320504555e-10, -2.036854624760032e-15, 8.890345515639047e-16, 2.573148419193512e-05, -2.033478939569548e-06, -1.6608755836957015e-08, 9.744709606517865e-10], [0.0, -1.258265713370536e-12, -2.7480843702773785e-13, 0.0, -1.6379782320504555e-10, -2.036854624760032e-15, 8.890345515639047e-16, 2.573148419193512e-05, -2.033478939569548e-06, -1.6608755836957015e-08, 9.744709606517865e-10], [0.0, -1.258265713370536e-12, -2.7480843702773785e-13, 0.0, -1.6379782320504555e-10, -2.036854624760032e-15, 8.890345515639047e-16, 2.573148419193512e-05, -2.033478939569548e-06, -1.6608755836957015e-08, 9.744709606517865e-10], [0.0, -1.258265713370536e-12, -2.7480843702773785e-13, 0.0, -1.6379782320504555e-10, -2.036854624760032e-15, 8.890345515639047e-16, 2.573148419193512e-05, -2.033478939569548e-06, -1.6608755836957015e-08, 9.744709606517865e-10], [0.0, -1.258265713370536e-12, -2.7480843702773785e-13, 0.0, -1.6379782320504555e-10, -2.036854624760032e-15, 8.890345515639047e-16, 2.573148419193512e-05, -2.033478939569548e-06, -1.6608755836957015e-08, 9.744709606517865e-10], [0.0, -1.258265713370536e-12, -2.7480843702773785e-13, 0.0, -1.6379782320504555e-10, -2.036854624760032e-15, 8.890345515639047e-16, 2.573148419193512e-05, -2.033478939569548e-06, -1.6608755836957015e-08, 9.744709606517865e-10], [0.0, -1.258265713370536e-12, -2.7480843702773785e-13, 0.0, -1.6379782320504555e-10, -2.036854624760032e-15, 8.890345515639047e-16, 2.573148419193512e-05, -2.033478939569548e-06, -1.6608755836957015e-08, 9.744709606517865e-10], [0.0, -1.258265713370536e-12, -2.7480843702773785e-13, 0.0, -1.6379782320504555e-10, -2.036854624760032e-15, 8.890345515639047e-16, 2.573148419193512e-05, -2.033478939569548e-06, -1.6608755836957015e-08, 9.744709606517865e-10], [0.0, -1.258265713370536e-12, -2.7480843702773785e-13, 0.0, -1.6379782320504555e-10, -2.036854624760032e-15, 8.890345515639047e-16, 2.573148419193512e-05, -2.033478939569548e-06, -1.6608755836957015e-08, 9.744709606517865e-10], [0.0, -1.203938136693059e-12, -2.732985818441266e-13, 0.0, -1.8467989978283838e-10, -1.906751041897751e-15, 7.714664082392671e-16, 2.573148419193512e-05, -2.033478939569548e-06, -1.6608755836957015e-08, 9.744709606517865e-10], [0.0, -1.203938136693059e-12, -2.732985818441266e-13, 0.0, -1.8467989978283838e-10, -1.906751041897751e-15, 7.714664082392671e-16, 2.573148419193512e-05, -2.033478939569548e-06, -1.6608755836957015e-08, 9.744709606517865e-10], [0.0, -1.203938136693059e-12, -2.732985818441266e-13, 0.0, -1.8467989978283838e-10, -1.906751041897751e-15, 7.714664082392671e-16, 2.573148419193512e-05, -2.033478939569548e-06, -1.6608755836957015e-08, 9.744709606517865e-10], [0.0, -1.203938136693059e-12, -2.732985818441266e-13, 0.0, -1.8467989978283838e-10, -1.906751041897751e-15, 7.714664082392671e-16, 2.573148419193512e-05, -2.033478939569548e-06, -1.6608755836957015e-08, 9.744709606517865e-10], [0.0, -1.203938136693059e-12, -2.732985818441266e-13, 0.0, -1.8467989978283838e-10, -1.906751041897751e-15, 7.714664082392671e-16, 2.573148419193512e-05, -2.033478939569548e-06, -1.6608755836957015e-08, 9.744709606517865e-10], [0.0, -1.203938136693059e-12, -2.732985818441266e-13, 0.0, -1.8467989978283838e-10, -1.906751041897751e-15, 7.714664082392671e-16, 2.573148419193512e-05, -2.033478939569548e-06, -1.6608755836957015e-08, 9.744709606517865e-10], [0.0, -1.203938136693059e-12, -2.732985818441266e-13, 0.0, -1.8467989978283838e-10, -1.906751041897751e-15, 7.714664082392671e-16, 2.573148419193512e-05, -2.033478939569548e-06, -1.6608755836957015e-08, 9.744709606517865e-10], [0.0, -1.258265713370536e-12, -2.7480843702773785e-13, 0.0, -1.701589163257375e-10, -1.8479632455129946e-15, 9.853208417709285e-16, 2.5891253674562798e-05, -1.983987073288369e-06, -1.7828666713024794e-08, 9.744709606517865e-10], [0.0, -1.258265713370536e-12, -2.7480843702773785e-13, 0.0, -1.701589163257375e-10, -1.8479632455129946e-15, 9.853208417709285e-16, 2.5891253674562798e-05, -1.983987073288369e-06, -1.7828666713024794e-08, 9.744709606517865e-10], [0.0, -1.258265713370536e-12, -2.7480843702773785e-13, 0.0, -1.701589163257375e-10, -1.8479632455129946e-15, 9.853208417709285e-16, 2.5891253674562798e-05, -1.983987073288369e-06, -1.7828666713024794e-08, 9.744709606517865e-10], [0.0, -1.258265713370536e-12, -2.7480843702773785e-13, 0.0, -1.701589163257375e-10, -1.8479632455129946e-15, 9.853208417709285e-16, 2.5891253674562798e-05, -1.983987073288369e-06, -1.7828666713024794e-08, 9.744709606517865e-10], [0.0, -1.258265713370536e-12, -2.7480843702773785e-13, 0.0, -1.701589163257375e-10, -1.8479632455129946e-15, 9.853208417709285e-16, 2.5891253674562798e-05, -1.983987073288369e-06, -1.7828666713024794e-08, 9.744709606517865e-10], [0.0, -1.258265713370536e-12, -2.7480843702773785e-13, 0.0, -1.701589163257375e-10, -1.8479632455129946e-15, 9.853208417709285e-16, 2.5891253674562798e-05, -1.983987073288369e-06, -1.7828666713024794e-08, 9.744709606517865e-10], [0.0, -1.258265713370536e-12, -2.7480843702773785e-13, 0.0, -1.701589163257375e-10, -1.8479632455129946e-15, 9.853208417709285e-16, 2.5891253674562798e-05, -1.983987073288369e-06, -1.7828666713024794e-08, 9.744709606517865e-10], [0.0, -1.258265713370536e-12, -2.7480843702773785e-13, 0.0, -1.701589163257375e-10, -1.8479632455129946e-15, 9.853208417709285e-16, 2.5891253674562798e-05, -1.983987073288369e-06, -1.7828666713024794e-08, 9.744709606517865e-10], [0.0, -1.258265713370536e-12, -2.7480843702773785e-13, 0.0, -1.701589163257375e-10, -1.8479632455129946e-15, 9.853208417709285e-16, 2.5891253674562798e-05, -1.983987073288369e-06, -1.7828666713024794e-08, 9.744709606517865e-10], [0.0, -1.258265713370536e-12, -2.7480843702773785e-13, 0.0, -1.701589163257375e-10, -1.8479632455129946e-15, 9.853208417709285e-16, 2.5891253674562798e-05, -1.983987073288369e-06, -1.7828666713024794e-08, 9.744709606517865e-10], [0.0, -1.258265713370536e-12, -2.7480843702773785e-13, 0.0, -1.701589163257375e-10, -1.8479632455129946e-15, 9.853208417709285e-16, 2.5891253674562798e-05, -1.983987073288369e-06, -1.7828666713024794e-08, 9.744709606517865e-10], [0.0, -1.258265713370536e-12, -2.7480843702773785e-13, 0.0, -1.701589163257375e-10, -1.8479632455129946e-15, 9.853208417709285e-16, 2.5891253674562798e-05, -1.983987073288369e-06, -1.7828666713024794e-08, 9.744709606517865e-10], [0.0, -1.258265713370536e-12, -2.7480843702773785e-13, 0.0, -1.701589163257375e-10, -1.8479632455129946e-15, 9.853208417709285e-16, 2.5891253674562798e-05, -1.983987073288369e-06, -1.7828666713024794e-08, 9.744709606517865e-10], [0.0, -1.258265713370536e-12, -2.7480843702773785e-13, 0.0, -1.701589163257375e-10, -1.8479632455129946e-15, 9.853208417709285e-16, 2.5891253674562798e-05, -1.983987073288369e-06, -1.7828666713024794e-08, 9.744709606517865e-10], [0.0, -1.258265713370536e-12, -2.7480843702773785e-13, 0.0, -1.701589163257375e-10, -1.8479632455129946e-15, 9.853208417709285e-16, 2.5891253674562798e-05, -1.983987073288369e-06, -1.7828666713024794e-08, 9.744709606517865e-10], [0.0, -1.258265713370536e-12, -2.7480843702773785e-13, 0.0, -1.701589163257375e-10, -1.8479632455129946e-15, 9.853208417709285e-16, 2.5891253674562798e-05, -1.983987073288369e-06, -1.7828666713024794e-08, 9.744709606517865e-10], [0.0, -1.258265713370536e-12, -2.7480843702773785e-13, 0.0, -1.701589163257375e-10, -1.8479632455129946e-15, 9.853208417709285e-16, 2.5891253674562798e-05, -1.983987073288369e-06, -1.7828666713024794e-08, 9.744709606517865e-10], [0.0, -1.258265713370536e-12, -2.7480843702773785e-13, 0.0, -1.701589163257375e-10, -1.8479632455129946e-15, 9.853208417709285e-16, 2.5891253674562798e-05, -1.983987073288369e-06, -1.7828666713024794e-08, 9.744709606517865e-10], [0.0, -1.258265713370536e-12, -2.7480843702773785e-13, 0.0, -1.701589163257375e-10, -1.8479632455129946e-15, 9.853208417709285e-16, 2.5891253674562798e-05, -1.983987073288369e-06, -1.7828666713024794e-08, 9.744709606517865e-10]]

